        1
  -0.1667        1
  -0.1111  -0.1376        1
   0.0000  -0.0952  -0.0178        1
  -0.2222  -0.0847  -0.1213  -0.1467        1
   0.0000  -0.0952  -0.0609  -0.2108  -0.2430        1
   0.0000  -0.0952  -0.1041  -0.2119  -0.0512  -0.0740        1
  -0.0556  -0.1323  -0.1158  -0.0920  -0.1045  -0.2337  -0.1122        1
  -0.0556  -0.0688  -0.1471  -0.0170  -0.1909  -0.2353  -0.2493  -0.2439        1
  -0.1111  -0.0741  -0.1528  -0.1455  -0.1686  -0.1467  -0.2740  -0.3730  -0.3344        1
   0.0000  -0.0952  -0.0609  -0.1471  -0.0873  -0.1221  -0.2525  -0.1271  -0.3006  -0.4673        1
  -0.2222  -0.1164  -0.2135  -0.0278  -0.1417  -0.1835  -0.1078  -0.2458  -0.3556  -0.5105  -0.9727        1

  18.0000  31.5000  23.1817  15.7069  20.2065  18.7367  12.6022  14.5469  21.8676  15.3381  11.4922   0.9192