        1
  -0.1754        1
  -0.1170  -0.1382        1
   0.0000  -0.0953  -0.0179        1
  -0.2339  -0.0858  -0.1227  -0.1470        1
   0.0000  -0.0953  -0.0611  -0.2108  -0.2441        1
   0.0000  -0.0953  -0.1042  -0.2120  -0.0518  -0.0742        1
  -0.0585  -0.1327  -0.1163  -0.0921  -0.1060  -0.2343  -0.1128        1
  -0.0585  -0.0691  -0.1475  -0.0171  -0.1926  -0.2360  -0.2500  -0.2459        1
  -0.1170  -0.0747  -0.1536  -0.1457  -0.1709  -0.1476  -0.2749  -0.3757  -0.3375        1
   0.0000  -0.0953  -0.0611  -0.1472  -0.0879  -0.1224  -0.2528  -0.1280  -0.3020  -0.4740        1
  -0.2339  -0.1176  -0.2150  -0.0281  -0.1454  -0.1850  -0.1091  -0.2494  -0.3596  -0.5236  -0.9971        1

  17.1000  31.4737  23.1646  15.7066  20.1446  18.7290  12.5995  14.5259  21.8269  15.2264  11.3971   0.0991